0.000685929648241206	0	0.003755813953488372	0.001242401215805471	0	0.0002706834532374101	0	0.01254186046511628	0.0007490774907749077	5.046583850931673e-05
0.0008827470686767168	0	0.00984610123119015	0.006848784194528875	0.0005245398773006135	0.001894784172661871	0.0002567771084337349	0.03236434108527132	0.004767527675276752	0.0005271739130434783
0.001659128978224456	0	0.0220547195622435	0.008824468085106381	0.003745398773006135	0.005604316546762591	0.001349397590361446	0.04047596899224807	0.01092250922509225	0.0006622670807453416
0.003127303182579564	0	0.0354247606019152	0.009656534954407294	0.007520705521472393	0.02222751798561151	0.00111671686746988	0.03188837209302327	0.01463745387453874	0.003232142857142857
0.01100376884422111	0	0.02835567715458278	0.007836626139817631	0.01468174846625767	0.03690377697841726	0.0008840361445783132	0.02188604651162791	0.0126429889298893	0.007840062111801242
0.02660804020100501	0	0.01240287277701778	0.006061550151975684	0.02641027607361963	0.04553147482014386	0.0006521084337349398	0.01615116279069768	0.00704889298892989	0.01289673913043478
0.06602721943048578	0	0.004275649794801641	0.002047112462006079	0.0340245398773006	0.03359262589928058	0.001235692771084337	0.01143178294573643	0.005957564575645757	0.01385636645962733
0.1241494974874373	0	0.005028727770177838	0.001680851063829788	0.0455935582822086	0.026056654676259	0.003234186746987952	0.002763565891472868	0.002923431734317343	0.009445652173913044
0.1760339195979898	0	0.01684815321477428	0.00171580547112462	0.0525084355828221	0.02500089928057554	0.009155120481927709	0.0007062015503875969	0.0005876383763837638	0.002978260869565217
0.1934392797319932	0	0.05782694938440495	0.005803951367781155	0.03237883435582822	0.02868255395683453	0.0260519578313253	0	0.001066420664206642	0.0006560559006211179
0.1604028475711894	0	0.1424274965800273	0.02301899696048632	0.01527837423312884	0.04536870503597121	0.04239307228915663	0	0.004420664206642067	0
0.08808458961474046	0	0.2116956224350204	0.04099620060790272	0.004858895705521472	0.04235341726618706	0.05194051204819275	0	0.004879151291512914	0
0.02623869346733668	0	0.2075129958960329	0.03402887537993921	0.0006226993865030675	0.03727428057553957	0.04011897590361446	0	0.002702029520295203	0
0.003013400335008376	0.0001378109452736318	0.149516415868673	0.02937841945288754	0	0.02173291366906475	0.01395481927710843	0	0.0004732472324723247	0
0.0005862646566164155	0.0005189054726368159	0.07080848153214776	0.01351671732522796	0	0.00668794964028777	0.002800451807228915	0.0001093023255813954	0	0
0.0001687604690117253	2.835820895522391e-05	0.01385499316005472	0.001955927051671733	0	0.0005620503597122302	0.0001076807228915663	0.0002837209302325581	0	0
0.00230108877721943	0	0.01980437756497948	0.00977887537993921	0.0004570552147239264	0.002450539568345324	0	0.06009147286821707	0.007785055350553505	0.0007212732919254659
0.003267169179229481	0	0.05976333789329688	0.03307370820668693	0.004733895705521473	0.0145773381294964	4.442771084337354e-05	0.1207720930232559	0.03209686346863468	0.002407608695652174
0.01356365159128979	0	0.09858276333789327	0.04427811550151976	0.01718711656441718	0.04005485611510791	0.0003938253012048193	0.1203139534883721	0.05226660516605167	0.01177329192546584
0.03428475711892797	0	0.1228303693570452	0.04120592705167173	0.0377430981595092	0.06972032374100721	0.0006265060240963856	0.09187519379844958	0.05945848708487086	0.02919953416149068
0.08918886097152426	0	0.08197469220246238	0.02714741641337385	0.07572315950920246	0.1078120503597123	0.001027861445783133	0.06986899224806202	0.05746771217712177	0.04929037267080745
0.185103852596315	0	0.03670246238030095	0.01126747720364742	0.1166372699386504	0.1265773381294963	0.003280873493975904	0.05502558139534883	0.04336992619926199	0.05924844720496894
0.2933626465661638	0	0.01499863201094392	0.00592629179331307	0.1547983128834355	0.1232311151079137	0.01567620481927711	0.03333875968992248	0.0217610701107011	0.05661723602484469
0.3752265494137351	0	0.01894938440492476	0.006889057750759878	0.1697354294478528	0.0924253597122302	0.04443072289156625	0.01234341085271318	0.01122878228782288	0.04083773291925465
0.4239903685092128	0	0.05554719562243503	0.01187537993920972	0.1569823619631903	0.06800629496402875	0.08483960843373495	0.00617984496124031	0.007223247232472325	0.01968555900621118
0.4487654941373537	0	0.1616689466484268	0.01985258358662614	0.1149869631901841	0.07190287769784172	0.125378765060241	0.0008302325581395349	0.01198892988929889	0.006902173913043479
0.4379195979899497	0	0.3206292749658003	0.0471405775075988	0.05961196319018403	0.1139928057553957	0.1563501506024097	0	0.01953966789667897	0.002170807453416149
0.3683957286432161	0	0.4403508891928871	0.1024711246200608	0.02212193251533742	0.1508246402877697	0.1682567771084338	0	0.02414944649446494	0.0001296583850931677
0.2254032663316583	0	0.4776012311901507	0.139320668693009	0.006851993865030675	0.1559496402877698	0.1500903614457831	0	0.02011070110701107	0
0.07040912897822448	0.0007437810945273633	0.411277701778386	0.1344369300911854	0.002820552147239263	0.1070431654676259	0.09956024096385545	3.953488372093027e-05	0.009400369003690035	0
0.007911641541038525	0.001624378109452736	0.2303454172366619	0.07140653495440728	0.0009248466257668712	0.03472661870503598	0.0307703313253012	0.001150387596899225	0.0007896678966789667	0
0.001005443886097152	0.000299502487562189	0.0614131326949384	0.01493693009118541	0	0.00651798561151079	0.003259036144578314	0.001243410852713178	0	0
0.007538525963149079	0	0.04871203830369358	0.04373100303951369	0.004272239263803681	0.01416456834532374	0	0.1180271317829458	0.03041974169741698	0.002191770186335404
0.02501465661641541	0	0.1488960328317375	0.1352978723404255	0.02176533742331289	0.05665287769784175	0.0002048192771084337	0.2427868217054263	0.09474815498154984	0.01467546583850931
0.06830234505862649	0	0.2272948016415871	0.1539316109422493	0.05869095092024541	0.105783273381295	6.852409638554215e-05	0.2558844961240311	0.1551300738007379	0.04931909937888197
0.1553768844221105	0	0.2534801641586868	0.1068731003039514	0.1193627300613498	0.1569541366906476	0.0009036144578313251	0.2088023255813954	0.1927527675276752	0.1073928571428572
0.2903793969849245	0	0.1748536251709986	0.0498244680851064	0.208661809815951	0.2246258992805756	0.008527108433734939	0.1527976744186046	0.1806245387453874	0.1655683229813665
0.4256030150753768	0	0.08486388508891929	0.02257370820668693	0.2941932515337422	0.2553821942446041	0.03656626506024095	0.1061868217054264	0.13544926199262	0.1824495341614907
0.5282445561139029	0	0.03056703146374829	0.01836018237082067	0.3523726993865031	0.248978417266187	0.08946310240963856	0.05997441860465116	0.07923985239852396	0.1580271739130434
0.591744556113903	0	0.0303077975376197	0.02231838905775077	0.3658381901840491	0.1977212230215828	0.1584917168674699	0.02287674418604651	0.03583763837638377	0.1167492236024844
0.6265469011725289	0	0.09875239398084822	0.02189893617021277	0.3256418711656441	0.1191393884892086	0.2405180722891567	0.01343100775193798	0.02757933579335793	0.06239906832298137
0.6464870184254602	0	0.2546443228454173	0.02541565349544073	0.2287569018404908	0.1044595323741007	0.3145564759036145	0.003649612403100775	0.04990221402214023	0.02398059006211181
0.6528810720268006	0	0.4235957592339263	0.05608434650455927	0.1172269938650307	0.1549901079136692	0.3627665662650602	0.0002705426356589147	0.08078413284132842	0.006302795031055901
0.6375774706867677	0	0.5401976744186046	0.1716968085106382	0.05041487730061351	0.2456717625899281	0.3765150602409635	0	0.0996309963099631	0.002114130434782608
0.5387060301507541	0	0.5691812585499315	0.2860455927051673	0.01685659509202454	0.3421582733812952	0.3534585843373496	0	0.08658487084870847	0
0.3113056951423789	0.00109452736318408	0.5674192886456911	0.330159574468085	0.006765337423312884	0.2985584532374101	0.2686317771084339	0.001117829457364341	0.05352121771217711	0.0004355590062111801
0.07554020100502512	0.001962686567164179	0.4020335157318741	0.2281869300911853	0.002637269938650307	0.1318525179856116	0.1302665662650602	0.00195968992248062	0.01897047970479706	0.0006793478260869565
0.004486180904522613	0.0008298507462686567	0.137984268125855	0.06216413373860179	8.895705521472392e-05	0.02042625899280575	0.02587048192771085	0.001762790697674419	0.001392066420664207	0
0.02937437185929648	0	0.1003269493844049	0.1347051671732523	0.02095552147239264	0.03309712230215827	0.0004548192771084337	0.1980565891472867	0.08513653136531363	0.009234472049689442
0.09425293132328302	0	0.2952537619699043	0.3452424012158056	0.06958128834355824	0.1157904676258993	0.001816265060240964	0.4275248062015507	0.2397970479704797	0.05666770186335401
0.2185485762144052	0	0.4294158686730508	0.3233913373860181	0.1740851226993864	0.2162464028776978	0.003337349397590362	0.4519139534883719	0.3953450184501847	0.1734704968944099
0.390750837520938	0.0002990049751243781	0.4048269493844047	0.1833867781155015	0.2949769938650308	0.296553057553957	0.02013253012048192	0.3685689922480618	0.4599160516605166	0.3287003105590061
0.5472470686767171	0	0.2892113543091656	0.0692325227963526	0.4087806748466258	0.3778309352517984	0.06687198795180725	0.2530782945736436	0.4149049815498154	0.4354712732919254
0.6548408710217758	3.48258706467662e-06	0.1402640218878249	0.03537234042553191	0.4813903374233131	0.4251807553956833	0.1411144578313253	0.1539457364341085	0.3019464944649446	0.4499479813664595
0.7009363484087099	0	0.05293228454172368	0.06093541033434652	0.5276157975460122	0.3969235611510792	0.2474811746987953	0.07200620155038762	0.1949815498154981	0.3619037267080745
0.6975046063651593	2.985074626865674e-05	0.04715800273597811	0.08974620060790271	0.5544003067484662	0.3245548561151079	0.3726611445783131	0.03022093023255814	0.1159926199261992	0.2606094720496894
0.6740335008375214	4.975124378109458e-07	0.148765389876881	0.06790881458966566	0.5032346625766867	0.19399190647482	0.4803780120481935	0.01538604651162791	0.09366697416974172	0.1549697204968944
0.6577445561139035	0	0.3500581395348838	0.03261474164133739	0.3564148773006136	0.1018318345323741	0.5444299698795187	0.005992248062015504	0.1321439114391144	0.06201785714285712
0.6711155778894468	0	0.5166723666210667	0.05713601823708207	0.1734325153374234	0.1269712230215827	0.5809201807228916	0.001401550387596899	0.186480627306273	0.02106521739130435
0.7180879396984932	0	0.5790082079343362	0.1758123100303951	0.07405521472392637	0.2467994604316547	0.60267093373494	0.0002937984496124031	0.2344760147601476	0.004190993788819875
0.7526277219430487	0	0.5826217510259909	0.3620623100303952	0.02227914110429448	0.424926258992806	0.6058094879518073	0.0004348837209302326	0.2412656826568264	0.0002461180124223602
0.6419262981574535	0.001290547263681592	0.6002865937072499	0.5236291793313066	0.008859662576687116	0.4907535971223022	0.5509337349397596	0.003009302325581395	0.1834003690036901	0.001334627329192546
0.2973379396984925	0.001990049751243781	0.5024384404924757	0.4877074468085112	0.006439417177914111	0.3388462230215826	0.3460082831325301	0.008193023255813952	0.08365959409594094	0.002299689440993789
0.03553224455611387	0.001316417910447761	0.2290896032831736	0.1762621580547113	0.004297546012269939	0.06952697841726618	0.09723795180722893	0.009065116279069769	0.01077029520295203	0.0004409937888198758
0.0833287269681742	1.990049751243783e-06	0.198268809849521	0.2904886018237083	0.06034049079754604	0.05893705035971223	0.003624246987951807	0.2910240310077518	0.1998025830258303	0.03063276397515529
0.2552123115577886	5.572139303482587e-05	0.4871005471956221	0.5829240121580548	0.1692561349693251	0.2156735611510791	0.01186671686746988	0.6135844961240309	0.4825073800738011	0.192888198757764
0.4714991624790618	0.0005721393034825871	0.5811121751025993	0.4980455927051671	0.3138358895705522	0.3678758992805755	0.03845256024096385	0.6275844961240307	0.6348394833948332	0.4582041925465841
0.6482742881072027	0.001074129353233831	0.4867811217510257	0.2401648936170213	0.4311127300613498	0.4546474820143887	0.1037846385542169	0.4632302325581396	0.6331623616236165	0.653368012422361
0.7320280569514234	0.0009711442786069651	0.3246450068399453	0.08947416413373861	0.5030881901840494	0.5089712230215829	0.2046701807228914	0.2691999999999999	0.599714022140221	0.6777003105590068
0.7349916247906193	0.001072139303482587	0.1530519835841312	0.06448024316109424	0.5360989263803683	0.5592607913669067	0.3575948795180721	0.141775968992248	0.5149160516605165	0.6414122670807457
0.6803555276381904	0.001275621890547264	0.06325034199726405	0.1536816109422493	0.5571273006134974	0.5390305755395687	0.5209043674698792	0.06426434108527132	0.3829446494464948	0.5521164596273291
0.5944480737018425	0.001706965174129353	0.0708632010943912	0.2352249240121579	0.5898742331288348	0.4512023381294966	0.6180971385542173	0.0265813953488372	0.2708062730627306	0.4023571428571427
0.5288320770519267	0.00234228855721393	0.2084487004103967	0.1660182370820669	0.5649969325153379	0.28169154676259	0.6409533132530115	0.01059147286821705	0.2286356088560884	0.2531622670807454
0.483981993299832	0.002086069651741294	0.4276456908344735	0.06313069908814595	0.4128941717791409	0.110669964028777	0.625286897590361	0.006911627906976745	0.2771033210332103	0.1122864906832298
0.4787931323283084	0.001733333333333333	0.5787797537619696	0.03955471124620062	0.2096641104294477	0.09032104316546764	0.6024917168674696	0.003941085271317829	0.3693256457564577	0.03763198757763974
0.549921273031826	0.001437313432835821	0.5908775649794796	0.1219057750759878	0.0926088957055215	0.1762311151079137	0.6046295180722896	0.003523255813953488	0.4395968634686346	0.0103222049689441
0.7061746231155775	0.001993034825870647	0.5540129958960329	0.2897530395136779	0.03685966257668712	0.3866879496402878	0.6557492469879515	0.007302325581395349	0.4762656826568267	0.002635869565217392
0.821494137353433	0.002447761194029851	0.5772051983584133	0.5492006079027354	0.02465644171779141	0.5830962230215823	0.7302161144578311	0.01992093023255814	0.4531743542435425	0.005100155279503106
0.6256578726968175	0.00209502487562189	0.5316395348837208	0.7161633738601826	0.02304447852760736	0.5815341726618706	0.643900602409639	0.03882558139534883	0.2876125461254611	0.007858695652173914
0.1486448911222782	0.001023383084577114	0.2910068399452805	0.3583085106382978	0.01169861963190184	0.202978417266187	0.2557808734939758	0.02696279069767442	0.06148892988929896	0.003626552795031055
0.2142885259631491	0.006361194029850745	0.3131641586867304	0.4484323708206695	0.1077990797546012	0.09879856115107918	0.01690210843373494	0.3515201550387598	0.3706107011070112	0.1092484472049689
0.5308580402010056	0.01145820895522389	0.6137715458276339	0.7633396656534952	0.2197630368098158	0.3434055755395686	0.05780722891566263	0.7274767441860462	0.7060267527675279	0.4686366459627328
0.7188609715242883	0.01195323383084577	0.6175246238030098	0.5529475683890577	0.3267538343558282	0.5264514388489213	0.1410421686746988	0.6724139534883726	0.6741190036900375	0.7384844720496895
0.7687567001675056	0.01390547263681592	0.4575465116279069	0.2345189969604863	0.3888972392638038	0.5879190647482017	0.2841897590361445	0.4205410852713177	0.5183440959409598	0.6662562111801246
0.7244237855946397	0.01756666666666667	0.2694555403556771	0.09639285714285711	0.3992415644171781	0.5809298561151079	0.4822628012048192	0.1974790697674419	0.4994178966789668	0.5019805900621117
0.6168249581239535	0.02246069651741294	0.1221019151846785	0.127468085106383	0.3974501533742332	0.6138426258992802	0.6565753012048197	0.08987751937984501	0.5547011070110699	0.4720085403726705
0.4870958961474036	0.02870646766169153	0.07188440492476059	0.3243920972644379	0.4212530674846625	0.617613309352518	0.6940805722891568	0.03493255813953489	0.5832952029520292	0.4990729813664595
0.3674321608040202	0.03351293532338308	0.1132065663474692	0.4240417933130699	0.4965751533742327	0.5150710431654678	0.6283381024096381	0.01961937984496124	0.5058477859778591	0.4560931677018633
0.2852671691792295	0.03969104477611939	0.2673796169630643	0.2793677811550151	0.5198174846625766	0.3201798561151079	0.5144992469879521	0.0110922480620155	0.4641900369003693	0.3075023291925467
0.2306704355108878	0.04172238805970146	0.481943228454173	0.1005311550151976	0.431931748466258	0.1282302158273382	0.4232853915662649	0.0139046511627907	0.4942915129151293	0.1456560559006211
0.212890284757119	0.04477711442786075	0.6115636114911081	0.03433434650455927	0.2399401840490796	0.05732913669064749	0.4072936746987952	0.01054728682170543	0.5505313653136529	0.05403260869565218
0.2657010050251258	0.04271791044776117	0.5820526675786593	0.07279331306990881	0.114489263803681	0.1007931654676259	0.4555278614457832	0.01407054263565891	0.570681734317343	0.01530512422360248
0.4565502512562818	0.04008557213930346	0.5279138166894668	0.1915000000000001	0.06749999999999999	0.2876465827338129	0.5432590361445786	0.03825581395348837	0.5887352398523985	0.01385481366459627
0.7699137353433828	0.03175223880597015	0.5462476060191526	0.4691291793313068	0.06188957055214721	0.5628821942446045	0.7086159638554212	0.09061085271317827	0.6719963099631004	0.03231521739130435
0.8478479899497493	0.01788358208955224	0.5067571819425447	0.8126717325227968	0.07261733128834359	0.7258866906474823	0.8203614457831334	0.1430224806201551	0.6420839483394833	0.05638509316770186
0.3897839195979903	0.00374228855721393	0.2791641586867307	0.546825987841945	0.04964340490797547	0.3966582733812952	0.4755082831325301	0.09903953488372094	0.2346964944649445	0.03333385093167703
0.4342077051926294	0.1824218905472637	0.4021135430916549	0.579751519756838	0.09142791411042947	0.1469685251798561	0.06589834337349403	0.38117984496124	0.5500608856088561	0.301347049689441
0.7631963986599662	0.2488029850746268	0.6646969904240766	0.8464232522796346	0.1626779141104295	0.4868228417266192	0.1862161144578312	0.7583705426356588	0.7925876383763838	0.774207298136646
0.8139262981574539	0.2580885572139304	0.5923331053351572	0.5188503039513674	0.1953496932515337	0.6672149280575543	0.37814984939759	0.6292883720930228	0.5310221402214029	0.6795093167701863
0.7238592964824123	0.2620691542288556	0.3914644322845418	0.1849247720364741	0.1914930981595091	0.6440224820143887	0.6181679216867473	0.3119635658914728	0.2981392988929892	0.3251444099378878
0.5698450586264653	0.2808840796019899	0.2124575923392613	0.09613373860182374	0.176111963190184	0.5491609712230217	0.7357251506024099	0.1107488372093024	0.2645940959409593	0.198419254658385
0.4066578726968174	0.3009124378109451	0.1001538987688098	0.2239156534954407	0.1882891104294479	0.5677095323741009	0.6716310240963855	0.03700542635658914	0.3886826568265684	0.2840605590062113
0.2594413735343384	0.3168323383084574	0.08376675786593707	0.5047158054711247	0.2609309815950919	0.6198857913669062	0.5022138554216868	0.01814573643410853	0.586380996309963	0.4375605590062112
0.1588873534338358	0.3339766169154226	0.1621703146374829	0.5887059270516717	0.4172530674846626	0.5308723021582734	0.3203215361445781	0.01424961240310077	0.7148404059040588	0.4511358695652176
0.09481574539363478	0.3496776119402989	0.3218180574555404	0.3609217325227965	0.5023734662576684	0.3340404676258992	0.2120203313253013	0.0159062015503876	0.7253690036900368	0.3284270186335405
0.06032035175879395	0.3622228855721389	0.5162435020519837	0.1197241641337386	0.4428381901840492	0.1437122302158274	0.2495188253012048	0.02061395348837209	0.6785184501845014	0.1592197204968945
0.05706993299832493	0.381549253731343	0.6192140902872778	0.02770212765957447	0.2914547546012272	0.04548561151079137	0.3637876506024098	0.03042558139534884	0.5833145756457569	0.0709860248447205
0.1019673366834171	0.3966398009950248	0.6003789329685361	0.04056610942249242	0.1834102760736196	0.06044784172661868	0.4664676204819276	0.07356046511627908	0.4709169741697418	0.05152018633540373
0.2621030150753769	0.3977308457711447	0.5466067031463749	0.1214680851063829	0.1532415644171779	0.1944604316546763	0.5184337349397588	0.1933434108527132	0.4210664206642067	0.09819487577639753
0.6335603015075371	0.3787646766169153	0.5278474692202469	0.4110037993920969	0.1616395705521473	0.5137095323741011	0.6545745481927719	0.3570472868217058	0.5407499999999994	0.181773291925466
0.9006193467336682	0.2974800995024875	0.4473057455540355	0.8381664133738604	0.1739562883435583	0.8020755395683457	0.8595278614457831	0.4611054263565896	0.8322702952029526	0.2694875776397515
0.6415142378559469	0.08051044776119408	0.2235731874145006	0.674648936170213	0.1181832822085889	0.5566960431654676	0.663495481927711	0.3234961240310084	0.5533976014760154	0.2045504658385094
0.5763040201005025	0.7386238805970157	0.423610807113543	0.6691481762917929	0.07706748466257667	0.2336357913669065	0.2144487951807227	0.3977612403100778	0.6344612546125464	0.5827445652173917
0.8412500000000002	0.9016318407960201	0.6552920656634748	0.8604308510638298	0.1119792944785276	0.6155269784172664	0.4777786144578318	0.7563434108527133	0.7842619926199262	0.8472492236024841
0.8082282244556113	0.9222611940298509	0.5532900136798911	0.473268237082067	0.1057952453987729	0.7437437050359714	0.7149796686746989	0.5726689922480622	0.4003579335793358	0.4087321428571428
0.605815745393635	0.9219298507462694	0.3688119015047879	0.1528936170212766	0.1051740797546012	0.6025602517985619	0.7378471385542165	0.244508527131783	0.1586614391143911	0.1192507763975156
0.4054623115577886	0.9152950248756221	0.2083419972640219	0.1218715805471125	0.1178443251533743	0.4507895683453235	0.5677733433734944	0.0768720930232558	0.1333321033210333	0.1133051242236024
0.2137319932998324	0.9087044776119396	0.1337626538987688	0.3579209726443767	0.1498098159509202	0.4780944244604317	0.3402748493975903	0.02247984496124031	0.2643773062730626	0.2778610248447205
0.09796901172529321	0.9057830845771138	0.1498378932968537	0.6732028875379946	0.2470927914110429	0.584643884892086	0.1640760542168674	0.01372093023255814	0.5372546125461259	0.459315217391304
0.04542922948073702	0.9104597014925381	0.2361326949384404	0.7041914893617016	0.4158251533742333	0.5429946043165469	0.09095858433734938	0.01897596899224806	0.7801494464944649	0.4445434782608699
0.02017001675041876	0.9153019900497514	0.3925547195622438	0.4001588145896658	0.5460260736196323	0.3541007194244605	0.1418915662650602	0.03348527131782945	0.8542047970479704	0.332538043478261
0.009431323283082075	0.9255960199004978	0.5430991792065668	0.135926291793313	0.514833588957055	0.1704937050359712	0.3120278614457833	0.07601627906976742	0.7367619926199268	0.212069099378882
0.01704145728643217	0.9339935323383088	0.6306559507523942	0.02792857142857143	0.4101357361963193	0.06289208633093524	0.4962439759036144	0.189077519379845	0.5183690036900368	0.2173524844720498
0.0650481574539364	0.9431084577114428	0.6179316005471955	0.02884878419452887	0.347625766871166	0.05185251798561152	0.5532251506024095	0.398906976744186	0.3068800738007381	0.3152453416149066
0.2311775544388609	0.9518850746268667	0.5684931600547197	0.1090357142857143	0.3438381901840492	0.1629289568345323	0.5255662650602406	0.6219705426356589	0.1941734317343173	0.46347049689441
0.6023802345058623	0.9502671641791052	0.5061477428180575	0.406899696048632	0.356430981595092	0.5022787769784176	0.6240263554216871	0.7463193798449613	0.3226088560885607	0.5881265527950315
0.9001876046901177	0.9133233830845771	0.3745054719562244	0.850939209726444	0.3505007668711655	0.8509397482014392	0.8629503012048195	0.7420503875968993	0.8073616236162366	0.6456389751552792
0.7640125628140698	0.5754119402985076	0.1593823529411764	0.7056063829787238	0.2415904907975462	0.6416357913669062	0.7222673192771081	0.5356550387596903	0.7911190036900371	0.4903260869565216
0.5231419597989942	0.4998517412935323	0.3398173734610124	0.6733548632218845	0.08624923312883441	0.3160989208633093	0.4388087349397594	0.4287565891472863	0.6068773062730634	0.7861995341614909
0.8154447236180897	0.8436781094527356	0.594303693570451	0.8505015197568387	0.12465490797546	0.7214217625899276	0.7114683734939761	0.7591294573643409	0.7535452029520296	0.7594720496894408
0.7750067001675046	0.9176975124378113	0.5681922024623808	0.4722386018237084	0.1395766871165643	0.7431052158273384	0.6663358433734935	0.5379387596899229	0.3774667896678964	0.2512173913043479
0.5455067001675044	0.9341905472636814	0.4405136798905608	0.1823282674772037	0.1598259202453988	0.4804316546762593	0.4362575301204822	0.2169131782945737	0.1723145756457564	0.1089076086956522
0.3049007537688445	0.9317741293532334	0.321613543091655	0.2419422492401214	0.188213190184049	0.3149999999999999	0.201625	0.0754232558139535	0.1834824723247231	0.2030333850931675
0.1293031825795645	0.9248636815920385	0.271670998632011	0.5244285714285714	0.24029754601227	0.3564937050359715	0.07401054216867471	0.03088837209302325	0.3476383763837637	0.4019037267080747
0.05060552763819094	0.9149527363184078	0.2954233926128588	0.786182370820669	0.3453542944785276	0.4975656474820142	0.04004743975903614	0.04399689922480621	0.6485867158671582	0.5434510869565213
0.01943676716917923	0.9049313432835814	0.3543392612859097	0.7481960486322189	0.5127346625766874	0.5373723021582738	0.07876355421686747	0.1006565891472869	0.7996863468634685	0.5241878881987584
0.005860971524288106	0.8985189054726366	0.4516169630642952	0.418965045592706	0.6605069018404904	0.399529676258993	0.2360722891566265	0.2239248062015503	0.7865101476014759	0.5114371118012426
0.004954773869346734	0.8889199004975132	0.5582482900136799	0.15629179331307	0.6416357361963198	0.2214037769784173	0.4553426204819276	0.4286310077519381	0.669540590405904	0.5566125776397517
0.02111055276381909	0.8832621890547265	0.6169829001367996	0.04331838905775077	0.5872883435582821	0.120408273381295	0.5919691265060241	0.6678100775193793	0.5166863468634687	0.6583734472049697
0.09168383584589616	0.8800139303482596	0.6171655266757865	0.04219300911854104	0.5561794478527613	0.09051258992805755	0.5187326807228919	0.8343232558139537	0.3585212177121771	0.7411871118012422
0.3032625628140701	0.8824218905472647	0.5739220246238022	0.1463214285714287	0.5301357361963193	0.2117913669064748	0.4372334337349397	0.8621054263565886	0.2712250922509222	0.7730395962732926
0.6812491624790623	0.8910208955223881	0.4675389876880985	0.4710866261398178	0.5055030674846627	0.5515818345323741	0.5913817771084335	0.7566620155038764	0.4137878228782287	0.7384013975155278
0.9106214405360131	0.9037810945273633	0.3014685362517101	0.8619422492401213	0.4786840490797546	0.8688875899280568	0.8558109939759043	0.5986914728682177	0.8419511070110701	0.66333850931677
0.7195259631490789	0.7546348258706466	0.1092325581395349	0.6512469604863225	0.3265674846625766	0.643502697841727	0.6183034638554213	0.3734325581395347	0.7829723247232463	0.4620939440993787
0.3231494974874371	0.05916567164179106	0.1878084815321478	0.5638351063829785	0.1303535276073619	0.3959712230215827	0.4685835843373493	0.457081395348837	0.4688247232472326	0.7598113354037271
0.6997881072026798	0.1928965174129352	0.4537284541723667	0.828580547112462	0.2058205521472392	0.7764730215827332	0.5516347891566262	0.7590426356589142	0.6990221402214025	0.7470737577639751
0.7597558626465667	0.2607034825870646	0.5639145006839942	0.5599414893617023	0.2565291411042943	0.6807607913669064	0.330436746987952	0.5266333333333333	0.4690387453874537	0.3227026397515527
0.6068618090452258	0.3070049751243777	0.5497086183310533	0.3499734042553194	0.293383435582822	0.3602598920863309	0.1287289156626505	0.2374131782945735	0.3347592250922514	0.2807290372670808
0.3805841708542715	0.3313124378109454	0.4971005471956219	0.4461580547112459	0.3257952453987731	0.2095755395683454	0.03547740963855421	0.1439457364341085	0.3924511070110698	0.4250706521739129
0.1985473199329982	0.3361935323383082	0.4603331053351578	0.6677317629179332	0.391361963190184	0.2492850719424459	0.01946460843373495	0.1682837209302326	0.5979345018450182	0.6235116459627328
0.09043509212730319	0.3368114427860699	0.4498187414500688	0.8005471124620063	0.5088312883435583	0.4011267985611508	0.04246234939759036	0.2897201550387594	0.713328413284133	0.71776552795031
0.04737227805695142	0.3270208955223879	0.4586976744186047	0.7483503039513679	0.6464432515337424	0.4977814748201439	0.1319224397590361	0.4642496124031005	0.6483800738007378	0.7669743788819879
0.0329895309882747	0.3092845771144274	0.4823967168262651	0.4797689969604861	0.7535958588957057	0.4467086330935253	0.3326588855421685	0.6662968992248053	0.5442509225092249	0.7971987577639751
0.03636767169179232	0.2856975124378108	0.5247948016415865	0.2265813069908814	0.7255383435582826	0.3139118705035971	0.5507989457831329	0.8221232558139536	0.5160738007380077	0.8036405279503105
0.07157747068676713	0.2625094527363182	0.5656703146374832	0.09997188449848021	0.6383259202453988	0.2289280575539568	0.5824194277108435	0.8486992248062023	0.5357684501845019	0.749526397515528
0.1984384422110554	0.246882089552239	0.5974829001367993	0.1031876899696048	0.5700897239263804	0.2117553956834532	0.4310918674698795	0.726669767441861	0.5268044280442806	0.6271257763975162
0.4745154941373531	0.240368656716418	0.5419842681258549	0.2501998480243159	0.4883381901840492	0.3365701438848918	0.4036234939759036	0.5062062015503878	0.5241134686346868	0.4810861801242235
0.7976314907872701	0.256005970149254	0.4146696306429545	0.5952773556231	0.4339087423312885	0.6566780575539574	0.6645112951807233	0.3071116279069764	0.6481946494464941	0.3711304347826089
0.8932747068676722	0.2998278606965172	0.2454432284541725	0.8390615501519761	0.3989041411042947	0.8607661870503598	0.7980670180722899	0.1946139534883721	0.8336632841328414	0.3160349378881986
0.521244137353434	0.2162388059701493	0.08178590971272225	0.5208594224924018	0.2823328220858896	0.5678309352517987	0.402012048192771	0.09632403100775193	0.5392869003690038	0.2128385093167701
0.1293756281407034	0.002486567164179105	0.07080437756497952	0.3600303951367781	0.1883443251533742	0.4781142086330936	0.2426709337349398	0.4816116279069768	0.2947629151291514	0.531030279503105
0.4755414572864322	0.01013880597014926	0.2627264021887825	0.7374642857142856	0.2952446319018405	0.790278776978417	0.2624826807228915	0.7730209302325579	0.592690959409594	0.7662787267080744
0.6898697654941377	0.01985671641791044	0.4230143638850892	0.6990144376899695	0.3558496932515334	0.6077616906474822	0.1205986445783132	0.6024007751937983	0.5826236162361625	0.5646405279503104
0.6966319095477382	0.02354925373134328	0.5059227086183313	0.6080828267477211	0.4083765337423315	0.2778264388489209	0.03250903614457831	0.429510852713178	0.56690036900369	0.5416389751552795
0.5566222780569515	0.02394179104477612	0.5252305061559507	0.6438753799392095	0.4586211656441718	0.132613309352518	0.008377259036144577	0.426132558139535	0.6159806273062727	0.6747663043478254
0.39217797319933	0.02360995024875624	0.5139774281805747	0.6887575987841948	0.5145728527607359	0.1651232014388489	0.02099548192771085	0.5087077519379846	0.649483394833948	0.7558548136645963
0.2556545226130653	0.02276567164179103	0.4844699042407659	0.6943731003039508	0.5901127300613498	0.3072455035971224	0.06156400602409641	0.6430945736434106	0.5538182656826569	0.780992236024845
0.1821612227805695	0.02010099502487563	0.4464815321477431	0.6831420972644375	0.6670782208588959	0.4237526978417264	0.1779638554216868	0.7570627906976743	0.3682555350553509	0.7395807453416149
0.1562939698492461	0.02006417910447762	0.4280567715458276	0.5703442249240125	0.7077423312883437	0.4646366906474819	0.391578313253012	0.7721534883720931	0.2559667896678967	0.6495287267080739
0.1693555276381908	0.0166139303482587	0.4529548563611487	0.3854361702127657	0.6367868098159503	0.4121115107913667	0.5615496987951805	0.6689131782945735	0.2963459409594095	0.5047895962732921
0.2479057788944723	0.01431194029850747	0.4924733242134067	0.2561231003039512	0.4926625766871162	0.3651160071942447	0.5657379518072302	0.4622348837209306	0.3912499999999999	0.3553167701863356
0.4267198492462311	0.01422338308457712	0.5532606019151844	0.2582560790273558	0.3727906441717791	0.3930089928057554	0.4721581325301206	0.2361751937984497	0.4828773062730627	0.2353423913043476
0.6919417922948073	0.01553930348258706	0.5257250341997262	0.4233335866261401	0.2927484662576687	0.5361555755395682	0.5689947289156629	0.09500620155038764	0.5659095940959414	0.1621902173913043
0.8682307370184255	0.02414527363184078	0.3927407660738716	0.7091968085106382	0.2561748466257671	0.7664136690647486	0.7398192771084331	0.04966201550387597	0.6461706642066416	0.1306319875776398
0.7622671691792291	0.02644577114427861	0.2346340629274966	0.7465858662613974	0.2367185582822087	0.7790692446043167	0.5927334337349401	0.0301108527131783	0.5772804428044281	0.1163128881987577
0.2664928810720267	0.01995323383084577	0.07875307797537617	0.3526314589665653	0.1633289877300614	0.4095998201438847	0.1904706325301205	0.0119875968992248	0.2310885608856089	0.06346195652173914
0.03954187604690119	0	0.01993570451436389	0.1689126139817629	0.199454754601227	0.4737616906474822	0.07347966867469879	0.4397348837209302	0.1614483394833949	0.2432670807453415
0.2103182579564491	0.0001950248756218906	0.104938440492476	0.4928472644376899	0.3241449386503065	0.7231384892086327	0.09152409638554219	0.7451503875968991	0.3843404059040594	0.5657142857142861
0.4693010887772197	0.00023681592039801	0.2292154582763337	0.6628259878419452	0.3908466257668712	0.5219820143884891	0.04032228915662651	0.7111209302325581	0.5159252767527673	0.6089215838509313
0.6325766331658291	0.0005338308457711442	0.326548563611491	0.6675509118541032	0.4308903374233133	0.2134541366906475	0.0124691265060241	0.6396488372093024	0.5746559040590408	0.6276545031055898
0.6565033500837519	0.0001213930348258706	0.3826497948016415	0.6184133738601821	0.4552039877300614	0.08123920863309353	0.007638554216867469	0.6413457364341084	0.5787094095940957	0.6774751552795033
0.5853944723618087	3.631840796019904e-05	0.3905246238030098	0.5330509118541035	0.4651234662576688	0.0871789568345324	0.02209487951807229	0.6701007751937985	0.4815894833948338	0.6398990683229813
0.4866742043551084	0.000181592039800995	0.3551436388508891	0.4632720364741644	0.4900046012269941	0.2229271582733814	0.07071009036144579	0.6701131782945733	0.3203099630996309	0.5394999999999995
0.4190519262981578	0.0007014925373134329	0.3235458276333787	0.5266420972644381	0.5220659509202451	0.3468543165467627	0.1878253012048192	0.5913062015503876	0.1663911439114391	0.4160916149068325
0.3966440536013402	0.0007945273631840795	0.3002735978112174	0.5925311550151976	0.5315291411042938	0.4379091726618709	0.3684661144578313	0.436017054263566	0.1091457564575646	0.2805683229813664
0.4250422948073698	0.0006273631840796021	0.3129569083447331	0.5606246200607904	0.4415812883435585	0.4809064748201439	0.5122417168674698	0.2527852713178294	0.1336494464944648	0.171263198757764
0.5127211055276385	0.0003870646766169154	0.4014049247606019	0.5000881458966564	0.3016894171779144	0.4933651079136687	0.5951445783132532	0.1082372093023256	0.1956328413284132	0.1085504658385093
0.6677927135678393	0.001071641791044776	0.4809787961696304	0.4933685410334347	0.1931618098159509	0.5469343525179859	0.6231709337349398	0.03162635658914729	0.2719160516605167	0.07324767080745341
0.8087675879396983	0.001990049751243781	0.5127558139534881	0.6166648936170206	0.1360230061349693	0.6604928057553959	0.6853825301204818	0.01229147286821706	0.3458293357933579	0.0520644409937888
0.7782340871021783	0.002254726368159204	0.4136621067031466	0.7260980243161096	0.1174578220858896	0.7453201438848921	0.6043381024096389	0.008086046511627906	0.3638450184501842	0.04476009316770186
0.4747608877721942	0.00340547263681592	0.2792674418604653	0.5623434650455931	0.1058036809815951	0.5966232014388487	0.3185293674698792	0.004807751937984496	0.2442407749077489	0.0355613354037267
0.08724706867671692	0.00186865671641791	0.1022154582763338	0.1956063829787234	0.07129831288343559	0.2440719424460431	0.07111069277108435	0.002296899224806202	0.07160793357933581	0.01849223602484472
0.007487437185929648	0	0.004813953488372093	0.05817933130699088	0.168276073619632	0.3752652877697842	0.01583810240963855	0.3173868217054263	0.06522140221402213	0.08384549689440995
0.06375418760469016	0	0.03355882352941176	0.2278259878419452	0.2826495398773007	0.5663893884892084	0.02583057228915663	0.581620930232558	0.1837121771217712	0.2574774844720498
0.2171553601340035	0	0.08463201094391248	0.3998031914893616	0.3308642638036809	0.3951978417266186	0.01200602409638554	0.6314860465116284	0.2818597785977858	0.3791708074534161
0.4139953936348412	0	0.1446032831737346	0.452845744680851	0.3439118098159512	0.1629352517985611	0.002814006024096385	0.6086542635658911	0.3396042435424356	0.4173493788819875
0.5629568676716912	0	0.1851668946648426	0.4023989361702129	0.324930981595092	0.0547769784172662	0.0063125	0.570607751937985	0.3425959409594094	0.3990582298136651
0.6223752093802347	0	0.1989439124487004	0.3026253799392097	0.3058205521472396	0.03456025179856115	0.02184186746987952	0.5071356589147289	0.2751273062730629	0.3208641304347827
0.618144472361809	0	0.1958857729138166	0.244120820668693	0.3053136503067484	0.1204136690647482	0.06325376506024097	0.4007434108527131	0.1650535055350554	0.2284673913043478
0.6013304020100511	0	0.1882599179206566	0.3048411854103344	0.3234670245398776	0.2481447841726617	0.1490112951807229	0.265617054263566	0.08467527675276754	0.1441940993788821
0.5924078726968179	0	0.1891422708618331	0.4553753799392096	0.3419570552147241	0.3467499999999999	0.2872304216867468	0.1420968992248062	0.05875830258302586	0.08265295031055898
0.6162839195979897	0	0.2020889192886456	0.5631702127659572	0.2740398773006134	0.445685251798561	0.4143802710843377	0.05813798449612405	0.06242619926199264	0.04889363354037267
0.6816159966499155	0	0.284547879616963	0.615920972644377	0.1804148773006135	0.5098741007194241	0.5263094879518071	0.01548604651162791	0.0890793357933579	0.0307445652173913
0.7444623115577884	0	0.3802701778385775	0.6409848024316113	0.1006173312883436	0.5658345323741006	0.5878727409638553	0.00444031007751938	0.118869926199262	0.0172166149068323
0.7133128140703516	0.001262189054726368	0.4467366621067033	0.6504521276595745	0.06341180981595092	0.6139010791366903	0.5118990963855424	0.002996124031007752	0.1441033210332104	0.01011878881987578
0.5108546901172533	0.001990049751243781	0.418794117647059	0.571945288753799	0.05082131901840491	0.5587419064748204	0.3232861445783129	0.002550387596899225	0.1224040590405905	0.0116777950310559
0.1877211055276382	0.001554228855721393	0.3123043775649795	0.3356458966565345	0.04263343558282208	0.355228417266187	0.1163659638554217	0.0005658914728682171	0.06803321033210331	0.01094798136645963
0.01624455611390285	0.0003313432835820895	0.1409042407660739	0.08949012158054712	0.02886273006134968	0.1107482014388489	0.01557906626506025	0.0004077519379844962	0.01458948339483394	0.004843167701863355
0.001408710217755444	0	0.001353625170998632	0.0126709726443769	0.1021403374233128	0.2014550359712229	0.003057981927710843	0.1812860465116279	0.02653228782287823	0.02974767080745341
0.01544430485762144	0	0.008265389876880984	0.08176291793313069	0.1821104294478527	0.3536303956834533	0.005302710843373494	0.3620503875968991	0.07185239852398521	0.09200155279503106
0.06137604690117251	0	0.02061627906976744	0.1494384498480244	0.1993788343558282	0.2402365107913669	0.004274096385542169	0.4145108527131785	0.1062610701107011	0.1526529503105591
0.175613065326633	0	0.03992612859097128	0.1928639817629179	0.188263036809816	0.1170089928057555	0.001968373493975903	0.3977596899224807	0.1314658671586716	0.1763299689440994
0.3317298994974873	0	0.06008823529411767	0.1780942249240121	0.1485406441717791	0.04032913669064749	0.004471385542168674	0.3395317829457365	0.1459354243542435	0.1563858695652174
0.4634480737018428	0	0.07599794801641592	0.1307507598784195	0.117138036809816	0.01048111510791367	0.01657906626506024	0.2543581395348836	0.1150036900369004	0.1160613354037267
0.5409681742043552	0	0.08644459644322845	0.1015326747720365	0.1177661042944785	0.04283003597122302	0.04911822289156628	0.1643821705426356	0.07111254612546122	0.07235093167701863
0.5792244556113895	0	0.09765253077975375	0.1345949848024316	0.1476556748466257	0.1257401079136691	0.1039713855421687	0.08203953488372094	0.03925461254612547	0.04003649068322982
0.6028944723618086	0	0.1083816689466483	0.2386816109422491	0.1785467791411043	0.2264451438848922	0.1898072289156626	0.03191627906976745	0.03258763837638377	0.0221638198757764
0.622184673366834	0	0.1335697674418605	0.3604946808510638	0.1590306748466258	0.3064145683453235	0.2604751506024097	0.009150387596899224	0.03500461254612546	0.0126444099378882
0.6244329983249582	0	0.193781805745554	0.4589726443768994	0.09894018404907975	0.3873992805755398	0.3236152108433734	0.002556589147286822	0.04221125461254611	0.005706521739130435
0.5812441373534338	0	0.2755000000000001	0.4832340425531915	0.05256978527607364	0.432201438848921	0.314929969879518	0.001282945736434109	0.05034686346863469	0.003235248447204969
0.4444614740368504	0.001262189054726368	0.3626518467852258	0.4480592705167175	0.02818174846625766	0.4141510791366906	0.2208192771084335	0.000517829457364341	0.04852583025830257	0.003333850931677019
0.2146390284757118	0.001990049751243781	0.3745116279069766	0.3130623100303952	0.01593558282208589	0.3136771582733814	0.1027289156626506	6.356589147286827e-05	0.03112361623616235	0.004324534161490683
0.04066541038525965	0.001458208955223881	0.2804377564979478	0.1482553191489361	0.0106648773006135	0.1633597122302157	0.0246144578313253	0	0.01391420664206642	0.004464285714285714
0.001737437185929648	0.0002338308457711443	0.1384076607387142	0.03331762917933132	0.007326687116564419	0.038294964028777	0.002253765060240964	0	0.002356088560885609	0.001667701863354037
3.26633165829146e-05	0	0.0001730506155950752	0.001534954407294833	0.04283972392638036	0.07128417266187048	0.0006701807228915663	0.06687364341085274	0.01231826568265682	0.007670031055900623
0.001600083752093803	0	0.002582079343365253	0.01526823708206687	0.06934585889570553	0.1612994604316547	0.001833584337349398	0.1703682170542636	0.03095295202952031	0.03237111801242236
0.01075502512562814	0	0.007326949384404925	0.04911702127659575	0.07032745398773006	0.1349829136690648	0.001230421686746988	0.2176821705426357	0.03825184501845019	0.05038121118012424
0.03960845896147406	0	0.01104582763337894	0.06469224924012154	0.06164110429447851	0.06880755395683451	0.0006792168674698795	0.2025333333333334	0.03850830258302583	0.05614596273291925
0.1193844221105528	0	0.01612517099863201	0.06420288753799391	0.04172699386503068	0.0240863309352518	0.002070030120481928	0.1505596899224806	0.04032103321033209	0.05097593167701863
0.2318902847571189	0	0.02117441860465117	0.04916261398176291	0.03359585889570554	0.004784172661870503	0.01022063253012048	0.08721240310077516	0.03308118081180812	0.031972049689441
0.337386097152429	0	0.03000068399452804	0.03410790273556231	0.04425613496932516	0.009915467625899279	0.02309638554216867	0.04073178294573642	0.01812730627306272	0.01943944099378882
0.4025871021775543	0	0.04734131326949384	0.04411246200607902	0.05890107361963191	0.03655485611510792	0.05822590361445784	0.01424341085271318	0.01144003690036901	0.008751552795031054
0.4356532663316582	0	0.06639534883720931	0.08758738601823707	0.07723466257668714	0.09509082733812951	0.1040993975903614	0.005189147286821705	0.01546863468634686	0.004161490683229814
0.4397701005025127	0	0.09127701778385772	0.1547743161094224	0.07312653374233131	0.1565629496402878	0.1370082831325301	0.001816279069767442	0.0221789667896679	0.002274068322981367
0.4090745393634839	0	0.1303679890560876	0.2073244680851064	0.04380291411042945	0.1973192446043166	0.140894578313253	0.00125968992248062	0.02342343173431734	0.0009689440993788822
0.316219011725293	0	0.1907913816689467	0.2305509118541033	0.02538113496932515	0.2130476618705036	0.1030007530120482	0.0002782945736434108	0.02042527675276753	0.00053027950310559
0.1672939698492462	0.0007233830845771143	0.2497797537619699	0.1982948328267478	0.0125069018404908	0.1912634892086331	0.05381400602409639	0	0.0140359778597786	0.001243788819875776
0.04432914572864322	0.001648756218905473	0.2769268125854995	0.1269057750759878	0.005835889570552148	0.1260521582733812	0.01804292168674699	0	0.006981549815498154	0.001955745341614907
0.004042294807370186	0.0005218905472636815	0.2051846785225719	0.05414285714285715	0.004434049079754601	0.047169964028777	0.003834337349397589	0	0.001267527675276753	0.001184006211180124
3.182579564489111e-05	0	0.08737893296853624	0.00709422492401216	0.002269171779141104	0.009165467625899279	7.530120481927718e-07	0	1.845018450184503e-06	0.0005302795031055901
0	0	0	2.279635258358665e-06	0.0108021472392638	0.01219244604316547	7.530120481927717e-06	0.01173875968992248	0.00472140221402214	0.0003773291925465839
2.512562814070354e-06	0	0	0.001185410334346504	0.01951457055214724	0.04710341726618705	0.0004766566265060241	0.04570775193798449	0.007812730627306273	0.004474378881987579
0.0009426298157453936	0	0.0007038303693570451	0.00729255319148936	0.01857131901840491	0.04977697841726618	1.731927710843375e-05	0.0710937984496124	0.008491697416974172	0.009479037267080746
0.002974874371859297	0	0.002735978112175103	0.01310182370820668	0.01340567484662577	0.02752607913669065	0	0.05685658914728683	0.004670664206642065	0.01051785714285714
0.01498618090452261	0	0.004255813953488372	0.01223176291793313	0.006775306748466259	0.009151978417266185	8.132530120481926e-05	0.03203488372093023	0.006011070110701107	0.00975776397515528
0.04233500837520939	0	0.007199726402188782	0.006544072948328269	0.005458588957055214	0.00218794964028777	0.001958584337349398	0.01250387596899225	0.007309963099630997	0.005895186335403727
0.09340787269681737	0	0.0117140902872777	0.004275075987841945	0.01062039877300613	0.002385791366906475	0.00742921686746988	0.005934108527131782	0.002467712177121771	0.002277950310559006
0.1516494974874373	0	0.02100273597811218	0.006547872340425531	0.01542177914110429	0.005789568345323742	0.01615135542168675	0.002992248062015504	0.0008523985239852398	0.0007228260869565218
0.1883052763819096	0	0.03023461012311901	0.01760638297872341	0.02451687116564417	0.01549730215827338	0.03350075301204819	0.0002116279069767442	0.00219280442804428	0.000110248447204969
0.1824162479061978	0	0.04609165526675788	0.03460334346504559	0.02834049079754601	0.03773291366906475	0.04107228915662649	0	0.004364391143911439	0
0.1356113902847571	0	0.06778043775649796	0.05705471124620057	0.01319018404907975	0.05601888489208633	0.03009563253012048	0	0.006666974169741697	0
0.06605025125628142	0	0.09835430916552661	0.07037082066869302	0.007732361963190184	0.06376169064748202	0.01545557228915663	0	0.006133763837638377	0
0.01578894472361811	8.507462686567167e-05	0.1207893296853625	0.05805699088145896	0.002899539877300613	0.05115107913669064	0.005365210843373494	0	0.00313929889298893	0
0.00270393634840871	0.0004492537313432836	0.1199726402188783	0.02822720364741642	0.001712423312883435	0.02585611510791367	0.001269578313253012	0	0.0005313653136531366	0.0001319875776397516
0.0007797319932998326	2.28855721393035e-05	0.08418057455540355	0.007626899696048631	0.001463957055214724	0.006843525179856115	5.271084337349402e-06	0	0	0
0	0	0.02557387140902872	8.890577507598784e-05	0.0002630368098159509	0.0008588129496402879	0	0	0	0
